((("d" .
   [1])
  ("digits" .
   [2 0 0 0 0 0])
  ("luhn_check" .
   [1 0 0 0 0 0 0 0 0 0])
  ("get_first_digit" .
   [1 0 0 0 0 0 0 0 0 0 0 0 0 0 0])
  ("first_digit" .
   [1 0 0 0 0 0 0 0 0 0 0])
  ("get_second_digit" .
   [1 0 0 0 0 0 0 0 0 0 0 0 0 0 0 0])
  ("str_sets" .
   [1 0 0 0 0 0 0 0])
  ("y" .
   [1])
  ("nums" .
   [1 0 0 0])
  ("number" .
   [3 0 0 0 0 0])
  ("int_sets" .
   [2 0 0 0 0 0 0 1])
  ("num" .
   [5 0 0])
  ("a2" .
   [2 0])
  ("a1" .
   [2 0])
  ("x" .
   [4])
  ("pow" .
   [0 1 0])
  ("b" .
   [8])
  ("a" .
   [6])
  ("n" .
   [7])
  ("value" .
   [1 0 0 0 0])
  ("mygenerator" .
   [1 0 0 0 0 0 0 0 0 0 0])
  ("luhn" .
   [1 0 0 0])
  ("main" .
   [2 0 0 0])
  ("sleep" .
   [1 0 0 0 0])
  ("async" .
   [1 0 0 0 0])
  ("await" .
   [1 0 0 0 0])
  ("i" .
   [7])
  ("done" .
   [1 0 0 0])
  ("result" .
   [2 1 0 0 0 1])
  ("future" .
   [3 0 0 0 0 0])))
